TRAINING:
	 Accuracy = 0.8439024390243902
	 IOU = 0.5228007792243786
TESTING:
	 Accuracy = 0.8055555555555556
	 IOU = 0.4953237374657571
